#     i     cr     sl     tb    dcc spigot  fiber fibcha subdet   ieta   iphi  depth
      0      1      2      t      0      0      2      1     HB      1      1      1
      1      1      2      t      0      0      5      2     HB      2      1      1
      2      1      2      t      0      0      1      2     HB      3      1      1
      3      1      2      t      0      0      6      1     HB      4      1      1
      4      1      2      t      0      0      2      0     HB      5      1      1
      5      1      2      t      0      0      5      1     HB      6      1      1
      6      1      2      t      0      0      1      1     HB      7      1      1
      7      1      2      t      0      0      6      0     HB      8      1      1
      8      1      2      t      0      0      2      2     HB      9      1      1
      9      1      2      t      0      0      5      0     HB     10      1      1
     10      1      2      t      0      0      1      0     HB     11      1      1
     11      1      2      t      0      0      6      2     HB     12      1      1
     12      1      3      t      0      2      2      1     HB     13      1      1
     13      1      3      t      0      2      1      2     HB     14      1      1
     14      1      3      t      0      2      2      0     HB     15      1      1
     15      1      3      t      0      2      1      1     HB     15      1      2
     16      1      3      t      0      2      2      2     HB     16      1      1
     17      1      3      t      0      2      1      0     HB     16      1      2
     18      1      2      t      0      0      4      1     HB      1      2      1
     19      1      2      t      0      0      7      2     HB      2      2      1
     20      1      2      t      0      0      3      2     HB      3      2      1
     21      1      2      t      0      0      8      1     HB      4      2      1
     22      1      2      t      0      0      4      0     HB      5      2      1
     23      1      2      t      0      0      7      1     HB      6      2      1
     24      1      2      t      0      0      3      1     HB      7      2      1
     25      1      2      t      0      0      8      0     HB      8      2      1
     26      1      2      t      0      0      4      2     HB      9      2      1
     27      1      2      t      0      0      7      0     HB     10      2      1
     28      1      2      t      0      0      3      0     HB     11      2      1
     29      1      2      t      0      0      8      2     HB     12      2      1
     30      1      3      t      0      2      4      1     HB     13      2      1
     31      1      3      t      0      2      3      2     HB     14      2      1
     32      1      3      t      0      2      4      0     HB     15      2      1
     33      1      3      t      0      2      3      1     HB     15      2      2
     34      1      3      t      0      2      4      2     HB     16      2      1
     35      1      3      t      0      2      3      0     HB     16      2      2
     36      1      2      b      0      1      2      1     HB      1      3      1
     37      1      2      b      0      1      5      2     HB      2      3      1
     38      1      2      b      0      1      1      2     HB      3      3      1
     39      1      2      b      0      1      6      1     HB      4      3      1
     40      1      2      b      0      1      2      0     HB      5      3      1
     41      1      2      b      0      1      5      1     HB      6      3      1
     42      1      2      b      0      1      1      1     HB      7      3      1
     43      1      2      b      0      1      6      0     HB      8      3      1
     44      1      2      b      0      1      2      2     HB      9      3      1
     45      1      2      b      0      1      5      0     HB     10      3      1
     46      1      2      b      0      1      1      0     HB     11      3      1
     47      1      2      b      0      1      6      2     HB     12      3      1
     48      1      3      b      0      3      2      1     HB     13      3      1
     49      1      3      b      0      3      1      2     HB     14      3      1
     50      1      3      b      0      3      2      0     HB     15      3      1
     51      1      3      b      0      3      1      1     HB     15      3      2
     52      1      3      b      0      3      2      2     HB     16      3      1
     53      1      3      b      0      3      1      0     HB     16      3      2
     54      1      2      b      0      1      4      1     HB      1      4      1
     55      1      2      b      0      1      7      2     HB      2      4      1
     56      1      2      b      0      1      3      2     HB      3      4      1
     57      1      2      b      0      1      8      1     HB      4      4      1
     58      1      2      b      0      1      4      0     HB      5      4      1
     59      1      2      b      0      1      7      1     HB      6      4      1
     60      1      2      b      0      1      3      1     HB      7      4      1
     61      1      2      b      0      1      8      0     HB      8      4      1
     62      1      2      b      0      1      4      2     HB      9      4      1
     63      1      2      b      0      1      7      0     HB     10      4      1
     64      1      2      b      0      1      3      0     HB     11      4      1
     65      1      2      b      0      1      8      2     HB     12      4      1
     66      1      3      b      0      3      4      1     HB     13      4      1
     67      1      3      b      0      3      3      2     HB     14      4      1
     68      1      3      b      0      3      4      0     HB     15      4      1
     69      1      3      b      0      3      3      1     HB     15      4      2
     70      1      3      b      0      3      4      2     HB     16      4      1
     71      1      3      b      0      3      3      0     HB     16      4      2
     72      1      5      t      0      6      2      1     HB      1      5      1
     73      1      5      t      0      6      5      2     HB      2      5      1
     74      1      5      t      0      6      1      2     HB      3      5      1
     75      1      5      t      0      6      6      1     HB      4      5      1
     76      1      5      t      0      6      2      0     HB      5      5      1
     77      1      5      t      0      6      5      1     HB      6      5      1
     78      1      5      t      0      6      1      1     HB      7      5      1
     79      1      5      t      0      6      6      0     HB      8      5      1
     80      1      5      t      0      6      2      2     HB      9      5      1
     81      1      5      t      0      6      5      0     HB     10      5      1
     82      1      5      t      0      6      1      0     HB     11      5      1
     83      1      5      t      0      6      6      2     HB     12      5      1
     84      1      6      t      0      8      2      1     HB     13      5      1
     85      1      6      t      0      8      1      2     HB     14      5      1
     86      1      6      t      0      8      2      0     HB     15      5      1
     87      1      6      t      0      8      1      1     HB     15      5      2
     88      1      6      t      0      8      2      2     HB     16      5      1
     89      1      6      t      0      8      1      0     HB     16      5      2
     90      1      5      t      0      6      4      1     HB      1      6      1
     91      1      5      t      0      6      7      2     HB      2      6      1
     92      1      5      t      0      6      3      2     HB      3      6      1
     93      1      5      t      0      6      8      1     HB      4      6      1
     94      1      5      t      0      6      4      0     HB      5      6      1
     95      1      5      t      0      6      7      1     HB      6      6      1
     96      1      5      t      0      6      3      1     HB      7      6      1
     97      1      5      t      0      6      8      0     HB      8      6      1
     98      1      5      t      0      6      4      2     HB      9      6      1
     99      1      5      t      0      6      7      0     HB     10      6      1
    100      1      5      t      0      6      3      0     HB     11      6      1
    101      1      5      t      0      6      8      2     HB     12      6      1
    102      1      6      t      0      8      4      1     HB     13      6      1
    103      1      6      t      0      8      3      2     HB     14      6      1
    104      1      6      t      0      8      4      0     HB     15      6      1
    105      1      6      t      0      8      3      1     HB     15      6      2
    106      1      6      t      0      8      4      2     HB     16      6      1
    107      1      6      t      0      8      3      0     HB     16      6      2
    108      1      5      b      0      7      2      1     HB      1      7      1
    109      1      5      b      0      7      5      2     HB      2      7      1
    110      1      5      b      0      7      1      2     HB      3      7      1
    111      1      5      b      0      7      6      1     HB      4      7      1
    112      1      5      b      0      7      2      0     HB      5      7      1
    113      1      5      b      0      7      5      1     HB      6      7      1
    114      1      5      b      0      7      1      1     HB      7      7      1
    115      1      5      b      0      7      6      0     HB      8      7      1
    116      1      5      b      0      7      2      2     HB      9      7      1
    117      1      5      b      0      7      5      0     HB     10      7      1
    118      1      5      b      0      7      1      0     HB     11      7      1
    119      1      5      b      0      7      6      2     HB     12      7      1
    120      1      6      b      0      9      2      1     HB     13      7      1
    121      1      6      b      0      9      1      2     HB     14      7      1
    122      1      6      b      0      9      2      0     HB     15      7      1
    123      1      6      b      0      9      1      1     HB     15      7      2
    124      1      6      b      0      9      2      2     HB     16      7      1
    125      1      6      b      0      9      1      0     HB     16      7      2
    126      1      5      b      0      7      4      1     HB      1      8      1
    127      1      5      b      0      7      7      2     HB      2      8      1
    128      1      5      b      0      7      3      2     HB      3      8      1
    129      1      5      b      0      7      8      1     HB      4      8      1
    130      1      5      b      0      7      4      0     HB      5      8      1
    131      1      5      b      0      7      7      1     HB      6      8      1
    132      1      5      b      0      7      3      1     HB      7      8      1
    133      1      5      b      0      7      8      0     HB      8      8      1
    134      1      5      b      0      7      4      2     HB      9      8      1
    135      1      5      b      0      7      7      0     HB     10      8      1
    136      1      5      b      0      7      3      0     HB     11      8      1
    137      1      5      b      0      7      8      2     HB     12      8      1
    138      1      6      b      0      9      4      1     HB     13      8      1
    139      1      6      b      0      9      3      2     HB     14      8      1
    140      1      6      b      0      9      4      0     HB     15      8      1
    141      1      6      b      0      9      3      1     HB     15      8      2
    142      1      6      b      0      9      4      2     HB     16      8      1
    143      1      6      b      0      9      3      0     HB     16      8      2
    144      1      3      b      0      3      5      1     HE     16      3      3
    145      1      3      b      0      3      5      0     HE     17      3      1
    146      1      3      b      0      3      6      0     HE     18      3      1
    147      1      3      b      0      3      6      1     HE     18      3      2
    148      1      4      b      0      5      6      0     HE     19      3      1
    149      1      4      b      0      5      5      0     HE     19      3      2
    150      1      4      b      0      5      5      1     HE     20      3      1
    151      1      4      b      0      5      6      1     HE     20      3      2
    152      1      4      b      0      5      6      2     HE     21      3      1
    153      1      4      b      0      5      5      2     HE     21      3      2
    154      1      4      b      0      5      8      2     HE     22      3      1
    155      1      4      b      0      5      7      2     HE     22      3      2
    156      1      4      b      0      5      2      2     HE     23      3      1
    157      1      4      b      0      5      2      1     HE     23      3      2
    158      1      4      b      0      5      4      2     HE     24      3      1
    159      1      4      b      0      5      4      1     HE     24      3      2
    160      1      3      b      0      3      5      2     HE     25      3      1
    161      1      3      b      0      3      6      2     HE     25      3      2
    162      1      3      b      0      3      7      2     HE     26      3      1
    163      1      3      b      0      3      8      2     HE     26      3      2
    164      1      4      b      0      5      1      0     HE     27      3      1
    165      1      4      b      0      5      1      1     HE     27      3      2
    166      1      4      b      0      5      2      0     HE     27      3      3
    167      1      4      b      0      5      3      0     HE     28      3      1
    168      1      4      b      0      5      3      1     HE     28      3      2
    169      1      4      b      0      5      4      0     HE     28      3      3
    170      1      4      b      0      5      3      2     HE     29      3      1
    171      1      4      b      0      5      1      2     HE     29      3      2
    172      1      3      b      0      3      7      1     HE     16      4      3
    173      1      3      b      0      3      7      0     HE     17      4      1
    174      1      3      b      0      3      8      0     HE     18      4      1
    175      1      3      b      0      3      8      1     HE     18      4      2
    176      1      4      b      0      5      8      0     HE     19      4      1
    177      1      4      b      0      5      7      0     HE     19      4      2
    178      1      4      b      0      5      7      1     HE     20      4      1
    179      1      4      b      0      5      8      1     HE     20      4      2
    180      1      6      t      0      8      5      1     HE     16      5      3
    181      1      6      t      0      8      5      0     HE     17      5      1
    182      1      6      t      0      8      6      0     HE     18      5      1
    183      1      6      t      0      8      6      1     HE     18      5      2
    184      1      7      t      0     10      6      0     HE     19      5      1
    185      1      7      t      0     10      5      0     HE     19      5      2
    186      1      7      t      0     10      5      1     HE     20      5      1
    187      1      7      t      0     10      6      1     HE     20      5      2
    188      1      7      t      0     10      8      2     HE     21      5      1
    189      1      7      t      0     10      7      2     HE     21      5      2
    190      1      7      t      0     10      6      2     HE     22      5      1
    191      1      7      t      0     10      5      2     HE     22      5      2
    192      1      7      t      0     10      4      2     HE     23      5      1
    193      1      7      t      0     10      4      1     HE     23      5      2
    194      1      7      t      0     10      2      2     HE     24      5      1
    195      1      7      t      0     10      2      1     HE     24      5      2
    196      1      6      t      0      8      7      2     HE     25      5      1
    197      1      6      t      0      8      8      2     HE     25      5      2
    198      1      6      t      0      8      5      2     HE     26      5      1
    199      1      6      t      0      8      6      2     HE     26      5      2
    200      1      7      t      0     10      3      0     HE     27      5      1
    201      1      7      t      0     10      3      1     HE     27      5      2
    202      1      7      t      0     10      4      0     HE     27      5      3
    203      1      7      t      0     10      1      0     HE     28      5      1
    204      1      7      t      0     10      1      1     HE     28      5      2
    205      1      7      t      0     10      2      0     HE     28      5      3
    206      1      7      t      0     10      1      2     HE     29      5      1
    207      1      7      t      0     10      3      2     HE     29      5      2
    208      1      6      t      0      8      7      1     HE     16      6      3
    209      1      6      t      0      8      7      0     HE     17      6      1
    210      1      6      t      0      8      8      0     HE     18      6      1
    211      1      6      t      0      8      8      1     HE     18      6      2
    212      1      7      t      0     10      8      0     HE     19      6      1
    213      1      7      t      0     10      7      0     HE     19      6      2
    214      1      7      t      0     10      7      1     HE     20      6      1
    215      1      7      t      0     10      8      1     HE     20      6      2
    216      1      8      t      0     12      1      2     HO      5      2      4
    217      1      8      t      0     12      2      2     HO      6      2      4
    218      1      8      t      0     12      3      2     HO      7      2      4
    219      1      8      t      0     12      4      2     HO      8      2      4
    220      1      8      t      0     12      5      2     HO      9      2      4
    221      1      8      t      0     12      6      2     HO     10      2      4
    222      1      8      t      0     12      1      1     HO      5      3      4
    223      1      8      t      0     12      2      1     HO      6      3      4
    224      1      8      t      0     12      3      1     HO      7      3      4
    225      1      8      t      0     12      4      1     HO      8      3      4
    226      1      8      t      0     12      5      1     HO      9      3      4
    227      1      8      t      0     12      6      1     HO     10      3      4
    228      1      8      b      0     13      1      2     HO     11      3      4
    229      1      8      b      0     13      2      2     HO     12      3      4
    230      1      8      b      0     13      3      2     HO     13      3      4
    231      1      8      b      0     13      4      2     HO     14      3      4
    232      1      8      b      0     13      5      2     HO     15      3      4
    233      1      8      t      0     12      1      0     HO      5      4      4
    234      1      8      t      0     12      2      0     HO      6      4      4
    235      1      8      t      0     12      3      0     HO      7      4      4
    236      1      8      t      0     12      4      0     HO      8      4      4
    237      1      8      t      0     12      5      0     HO      9      4      4
    238      1      8      t      0     12      6      0     HO     10      4      4
    239      1      8      b      0     13      1      1     HO     11      4      4
    240      1      8      b      0     13      2      1     HO     12      4      4
    241      1      8      b      0     13      3      1     HO     13      4      4
    242      1      8      b      0     13      4      1     HO     14      4      4
    243      1      8      b      0     13      5      1     HO     15      4      4
    244      1      8      b      0     13      1      0     HO     11      5      4
    245      1      8      b      0     13      2      0     HO     12      5      4
    246      1      8      b      0     13      3      0     HO     13      5      4
    247      1      8      b      0     13      4      0     HO     14      5      4
    248      1      8      b      0     13      5      0     HO     15      5      4
