 86 46  0.026000  0.000000
 86 47  -0.000165  0.107230
 86 48  0.001702  0.200768
 86 49  0.001575  0.232517
 86 50  -0.001000  0.275176
 86 51  -0.003790  0.337376
 86 52  -0.001467  0.287054
 86 53  -0.001547  0.216098
 86 54  0.002261  0.282872
 86 55  0.001509  0.116734
 87 46  0.000109  0.053644
 87 47  0.000758  0.270832
 87 48  -0.001327  0.191022
 87 49  0.000101  0.149050
 87 50  0.001119  0.272476
 87 51  0.000655  0.166583
 87 52  -0.001232  0.219981
 87 53  -0.000237  0.220192
 87 54  -0.000413  0.118855
 87 55  -0.000120  0.310661
 88 46  0.001912  0.450818
 88 47  -0.000148  0.154178
 88 48  -0.001826  0.207182
 88 49  -0.000156  0.179504
 88 50  -0.000267  0.132124
 88 51  -0.003451  0.220809
 88 52  0.001042  0.299346
 88 53  0.002418  0.193727
 88 54  0.000332  0.194780
 88 55  0.002754  0.312052
 89 46  0.005351  0.346343
 89 47  -0.000680  0.102155
 89 48  -0.001333  0.143183
 89 49  -0.002782  0.181457
 89 50  0.002673  0.226041
 89 51  -0.000163  0.150808
 89 52  -0.000504  0.206905
 89 53  0.000407  0.168855
 89 54  0.000594  0.164588
 89 55  0.001282  0.189071
 90 46  0.003618  0.350083
 90 47  0.001170  0.154670
 90 48  -0.002290  0.212351
 90 49  0.000154  0.195868
 90 50  -0.001125  0.187238
 90 51  0.000220  0.292817
 90 52  0.000508  0.203738
 90 53  -0.000765  0.296575
 90 54  0.003735  0.222022
 90 55  0.002568  0.220137
 91 46  0.000008  0.111883
 91 47  0.001530  0.291528
 91 48  -0.001105  0.238096
 91 49  -0.002934  0.243078
 91 50  -0.001054  0.244542
 91 51  -0.000236  0.172048
 91 52  -0.002138  0.208959
 91 53  -0.002070  0.202994
 91 54  -0.000591  0.125718
 91 55  -0.001053  0.172412
 92 46  0.000156  0.162984
 92 47  -0.000858  0.194023
 92 48  0.000703  0.208054
 92 49  -0.000759  0.168919
 92 50  -0.001336  0.218541
 92 51  -0.000453  0.156289
 92 52  0.000911  0.158199
 92 53  0.001770  0.272477
 92 54  0.000876  0.238980
 92 55  0.000177  0.193905
 93 46  -0.001720  0.167048
 93 47  -0.000476  0.211711
 93 48  0.001531  0.225722
 93 49  0.002359  0.168084
 93 50  -0.000787  0.268674
 93 51  0.002273  0.243025
 93 52  0.000207  0.264099
 93 53  -0.004462  0.194935
 93 54  0.001148  0.212005
 93 55  -0.001488  0.206126
 94 46  -0.000436  0.244892
 94 47  0.000873  0.176063
 94 48  0.001267  0.197752
 94 49  -0.000120  0.149094
 94 50  0.000988  0.200334
 94 51  0.000407  0.154916
 94 52  -0.002483  0.154576
 94 53  -0.000380  0.195529
 94 54  0.000112  0.201365
 94 55  -0.001556  0.179563
 95 46  0.000214  0.087357
 95 47  0.000979  0.175891
 95 48  0.000925  0.223947
 95 49  -0.000081  0.195521
 95 50  0.000408  0.262464
 95 51  -0.003513  0.245142
 95 52  0.000122  0.181947
 95 53  0.000427  0.128909
 95 54  0.000883  0.168015
 95 55  0.000574  0.243012
